76561198067457280,3320,48
76561198067457280,4000,173
76561198067457280,2590,0
76561198067457280,20,0
76561198067457280,50,0
76561198067457280,70,1
76561198067457280,130,0
76561198067457280,220,0
76561198067457280,280,0
76561198067457280,320,0
76561198067457280,340,0
76561198067457280,360,0
76561198067457280,380,0
76561198067457280,420,0
76561198067457280,500,1179
76561198067457280,48950,0
76561198067457280,33930,0
76561198067457280,219540,0
76561198067457280,8930,2
76561198067457280,57300,517
76561198067457280,92800,181
76561198067457280,400,0
76561198067457280,620,464
76561198067457280,22600,0
76561198067457280,105600,7474
76561198067457280,19680,131
76561198067457280,107310,75
76561198067457280,72850,1994
76561198067457280,65730,0
76561198067457280,61310,176
76561198067457280,41900,0
76561198067457280,48000,325
76561198067457280,207650,0
76561198067457280,205870,0
76561198067457280,108200,33
76561198067457280,207430,0
76561198067457280,207610,0
76561198067457280,211600,3
76561198067457280,3900,198
76561198067457280,3990,0
76561198067457280,8800,0
76561198067457280,16810,0
76561198067457280,34440,0
76561198067457280,34450,0
76561198067457280,34460,0
76561198067457280,7670,0
76561198067457280,409710,0
76561198067457280,212680,1667
76561198067457280,107100,672
76561198067457280,209790,0
76561198067457280,214790,0
76561198067457280,91310,271
76561198067457280,113200,1276
76561198067457280,204300,88
76561198067457280,98800,323
76561198067457280,8200,0
76561198067457280,8210,0
76561198067457280,8220,0
76561198067457280,8240,0
76561198067457280,8250,0
76561198067457280,205100,1009
76561198067457280,72000,0
76561198067457280,215510,0
76561198067457280,200710,74
76561198067457280,214560,110
76561198067457280,206440,1
76561198067457280,220780,180
76561198067457280,221260,137
76561198067457280,65740,0
76561198067457280,201790,0
76561198067457280,220700,6
76561198067457280,35720,18
76561198067457280,227720,1
76561198067457280,219890,76
76561198067457280,218230,0
76561198067457280,271290,0
76561198067457280,224260,0
76561198067457280,252150,0
76561198067457280,224580,0
76561198067457280,225260,0
76561198067457280,230150,13
76561198067457280,233740,0
76561198067457280,234920,40
76561198067457280,219190,36
76561198067457280,234900,0
76561198067457280,233720,869
76561198067457280,216250,273
76561198067457280,219740,3591
76561198067457280,322330,550
76561198067457280,224760,3
76561198067457280,234190,12
76561198067457280,57640,0
76561198067457280,225360,2
76561198067457280,206190,116
76561198067457280,241600,0
76561198067457280,33910,25
76561198067457280,244850,71
76561198067457280,234390,250
76561198067457280,246900,448
76561198067457280,255520,0
76561198067457280,265210,0
76561198067457280,239030,0
76561198067457280,239070,232
76561198067457280,248820,2719
76561198067457280,232430,0
76561198067457280,2800,0
76561198067457280,2810,0
76561198067457280,2840,69
76561198067457280,2850,0
76561198067457280,2820,0
76561198067457280,201310,0
76561198067457280,241240,0
76561198067457280,226960,5
76561198067457280,250380,64
76561198067457280,250580,0
76561198067457280,214550,47
76561198067457280,251530,0
76561198067457280,252330,147
76561198067457280,252490,0
76561198067457280,252610,148
76561198067457280,253330,0
76561198067457280,3370,0
76561198067457280,3390,0
76561198067457280,3480,15
76561198067457280,3600,0
76561198067457280,78000,262
76561198067457280,3540,0
76561198067457280,3590,50
76561198067457280,3620,1
76561198067457280,49520,72
76561198067457280,224860,0
76561198067457280,58520,0
76561198067457280,204560,0
76561198067457280,208730,0
76561198067457280,209730,0
76561198067457280,219780,0
76561198067457280,231140,0
76561198067457280,58610,0
76561198067457280,205650,65
76561198067457280,23490,0
76561198067457280,91100,0
76561198067457280,207040,0
76561198067457280,217690,630
76561198067457280,606730,0
76561198067457280,57690,0
76561198067457280,57740,0
76561198067457280,257170,1588
76561198067457280,9350,0
76561198067457280,9420,0
76561198067457280,39650,0
76561198067457280,55110,231
76561198067457280,39690,0
76561198067457280,50650,0
76561198067457280,65530,0
76561198067457280,214870,0
76561198067457280,258200,0
76561198067457280,247000,101
76561198067457280,259600,78
76561198067457280,18000,0
76561198067457280,18040,78
76561198067457280,18050,0
76561198067457280,18020,0
76561198067457280,18070,3
76561198067457280,221910,1
76561198067457280,261030,411
76561198067457280,233700,0
76561198067457280,262790,199
76561198067457280,237760,0
76561198067457280,260750,0
76561198067457280,260770,0
76561198067457280,266510,432
76561198067457280,235900,521
76561198067457280,269210,564
76561198067457280,271820,388
76561198067457280,203160,0
76561198067457280,237950,0
76561198067457280,65780,0
76561198067457280,273110,0
76561198067457280,274350,113
76561198067457280,274900,0
76561198067457280,233350,969
76561198067457280,278460,0
76561198067457280,279260,82
76561198067457280,285420,0
76561198067457280,290460,0
76561198067457280,290770,182
76561198067457280,292230,0
76561198067457280,293680,614
76561198067457280,295590,154
76561198067457280,222900,0
76561198067457280,300540,0
76561198067457280,301520,31
76561198067457280,302830,0
76561198067457280,303210,91
76561198067457280,95400,64
76561198067457280,304650,1061
76561198067457280,304930,34
76561198067457280,250400,8
76561198067457280,246840,74
76561198067457280,276890,550
76561198067457280,291480,0
76561198067457280,326950,130
76561198067457280,211420,323
76561198067457280,330840,0
76561198067457280,235620,0
76561198067457280,338540,0
76561198067457280,319630,467
76561198067457280,339800,0
76561198067457280,344850,948
76561198067457280,346010,31
76561198067457280,342480,0
76561198067457280,255710,143
76561198067457280,355840,0
76561198067457280,297120,217
76561198067457280,365450,453
76561198067457280,370360,37
76561198067457280,375820,50
76561198067457280,380150,0
76561198067457280,383080,0
76561198067457280,391540,428
76561198067457280,400110,460
